5.336035634703267
0.23740483072262109
2.2985567631714985
0.5096854219124729
1.570435541611766
0.7029436961822837
1.2821576722673882
0.8271110152671595
1.146893302935498
0.9018586298266196
1.0784053710852102
0.9451044335798549
1.0423916020744701
0.9695517402755787
1.023077168644741
0.9831913730542152
1.0126091479450827
0.9907453618310891
1.0069033338699849
0.9949119055882352
1.0037836148288752
0.9972048638796696
1.0020749844120656
0.9984651730548033
1.0011383220703967
0.9991574208076264
1.0006245878845972
0.9995375079125766
1.000342739995741
0.9997461564191235
1.0001880873201037
0.9998606808987045
1.000103220782159
0.9999235380107065
1.0000566476436323
0.9999580361544766
1.000031088547841
0.9999769695677179
1.0000170616549595
0.9999873605748881
1.0000093636040979
0.9999930633195913
1.0000051388456455
0.9999961930640051
1.0000028202555038
0.9999979107077008
1.0000015477881994
0.9999988533716153
1.0000008494439214
0.999999370716862
1.0000004661846318
0.9999996546420498
1.000000255847528
0.9999998104635255
1.0000001404120935
0.9999998959801735
1.0000000770597892
0.9999999429127073
1.0000000422913087
0.9999999686698291
1.000000023209962
0.9999999828056372
1.0000000127378978
0.9999999905635333
1.0000000069907062
0.9999999948211578
1.0000000038365804
0.9999999971577913
1.0000000021055602
0.9999999984401624
1.000000001155556
0.999999999143943
1.000000000634183
0.999999999530186
1.0000000003480465
0.9999999997421609
1.000000000191012
0.9999999998584945
1.00000000010483
0.9999999999223403
1.0000000000575318
0.9999999999573794
1.0000000000315743
0.9999999999766089
1.0000000000173288
0.9999999999871623
1.0000000000095102
0.999999999992955
1.0000000000052194
0.9999999999961333
1.0000000000028648
0.9999999999978777
1.000000000001572
0.9999999999988356
1.0000000000008624
0.9999999999993614
1.0000000000004734
0.9999999999996496
1.0000000000002593
0.9999999999998082
